   
   9.9999999999999995E-008  0.99999495881351086     
   1.9999999999999999E-007  0.99998991765243528     
   2.9999999999999999E-007  0.99998487651677315     
   3.9999999999999998E-007  0.99997983540652424     
   4.9999999999999998E-007  0.99997479432168868     
   5.9999999999999997E-007  0.99996975326226600     
   6.9999999999999997E-007  0.99996471222825634     
   7.9999999999999996E-007  0.99995967121965945     
   8.9999999999999996E-007  0.99995463023647513     
   9.9999999999999995E-007  0.99994958927870348     
   1.1000000000000001E-006  0.99994455892855472     
   1.1999999999999999E-006  0.99993952956187970     
   1.2999999999999998E-006  0.99993450117836968     
   1.3999999999999999E-006  0.99992947377771546     
   1.5000000000000000E-006  0.99992444735960806     
   1.5999999999999999E-006  0.99991942192373884     
   1.6999999999999998E-006  0.99991439746979915     
   1.7999999999999999E-006  0.99990937399748026     
   1.9000000000000000E-006  0.99990435150647383     
   1.9999999999999999E-006  0.99989932999647146     
   2.0999999999999998E-006  0.99989430946716473     
   2.2000000000000001E-006  0.99988928991824588     
   2.3000000000000000E-006  0.99988427134940672     
   2.3999999999999999E-006  0.99987925376033937     
   2.4999999999999998E-006  0.99987423715073587     
   2.5999999999999997E-006  0.99986922152028868     
   2.7000000000000000E-006  0.99986420686869015     
   2.7999999999999999E-006  0.99985919319563288     
   2.8999999999999998E-006  0.99985418050080965     
   3.0000000000000001E-006  0.99984916878391317     
   3.1000000000000000E-006  0.99984415804463611     
   3.1999999999999999E-006  0.99983914828267162     
   3.2999999999999997E-006  0.99983413949771260     
   3.3999999999999996E-006  0.99982913168945264     
   3.4999999999999999E-006  0.99982412485758465     
   3.5999999999999998E-006  0.99981911900180220     
   3.6999999999999997E-006  0.99981411412179877     
   3.8000000000000000E-006  0.99980911021726815     
   3.8999999999999999E-006  0.99980410728790381     
   3.9999999999999998E-006  0.99979910533339988     
   4.0999999999999997E-006  0.99979410435345029     
   4.1999999999999996E-006  0.99978910434774892     
   4.2999999999999995E-006  0.99978410531599005     
   4.4000000000000002E-006  0.99977910725786778     
   4.5000000000000001E-006  0.99977411017307682     
   4.6000000000000000E-006  0.99976911406131141     
   4.6999999999999999E-006  0.99976411892226646     
   4.7999999999999998E-006  0.99975912475563666     
   4.8999999999999997E-006  0.99975413156111637     
   4.9999999999999996E-006  0.99974913933840115     
   5.0999999999999995E-006  0.99974414808718581     
   5.1999999999999993E-006  0.99973915780716538     
   5.3000000000000001E-006  0.99973416849803531     
   5.4000000000000000E-006  0.99972918015949097     
   5.4999999999999999E-006  0.99972419279122771     
   5.5999999999999997E-006  0.99971920639294132     
   5.6999999999999996E-006  0.99971422096432749     
   5.7999999999999995E-006  0.99970923650508203     
   5.8999999999999994E-006  0.99970425301490085     
   6.0000000000000002E-006  0.99969927049347995     
   6.1000000000000000E-006  0.99969428894051549     
   6.1999999999999999E-006  0.99968930835570369     
   6.2999999999999998E-006  0.99968432873874091     
   6.3999999999999997E-006  0.99967935008932363     
   6.4999999999999996E-006  0.99967437240714863     
   6.5999999999999995E-006  0.99966939569191227     
   6.6999999999999994E-006  0.99966441994331146     
   6.7999999999999993E-006  0.99965944516104299     
   6.9000000000000000E-006  0.99965447134480412     
   6.9999999999999999E-006  0.99964949849429185     
   7.0999999999999998E-006  0.99964452660920344     
   7.1999999999999997E-006  0.99963955568923624     
   7.2999999999999996E-006  0.99963458573408770     
   7.3999999999999995E-006  0.99962961674345541     
   7.4999999999999993E-006  0.99962464871703705     
   7.6000000000000001E-006  0.99961968165453019     
   7.6999999999999991E-006  0.99961471555563275     
   7.7999999999999999E-006  0.99960975042004274     
   7.8999999999999989E-006  0.99960478624745852     
   7.9999999999999996E-006  0.99959982303757799     
   8.1000000000000004E-006  0.99959486079009952     
   8.1999999999999994E-006  0.99958989950472166     
   8.3000000000000002E-006  0.99958493918114277     
   8.3999999999999992E-006  0.99957997981906155     
   8.4999999999999999E-006  0.99957502141817667     
   8.5999999999999990E-006  0.99957006397818704     
   8.6999999999999997E-006  0.99956510749879157     
   8.8000000000000004E-006  0.99956015197968950     
   8.8999999999999995E-006  0.99955519742057974     
   9.0000000000000002E-006  0.99955024382116187     
   9.0999999999999993E-006  0.99954529118113511     
   9.2000000000000000E-006  0.99954033950019894     
   9.2999999999999990E-006  0.99953538877805281     
   9.3999999999999998E-006  0.99953043901439687     
   9.4999999999999988E-006  0.99952549020893056     
   9.5999999999999996E-006  0.99952054236135379     
   9.7000000000000003E-006  0.99951559547136681     
   9.7999999999999993E-006  0.99951064953866975     
   9.9000000000000001E-006  0.99950570456296273     
   9.9999999999999991E-006  0.99950076054394610     
   1.0199999999999999E-005  0.99949334738386431     
   1.0399999999999999E-005  0.99948346603706906     
   1.0600000000000000E-005  0.99947358851067591     
   1.0800000000000000E-005  0.99946371480229368     
   1.1000000000000000E-005  0.99945384490953326     
   1.1199999999999999E-005  0.99944397883000702     
   1.1399999999999999E-005  0.99943411656132863     
   1.1599999999999999E-005  0.99942425810111390     
   1.1799999999999999E-005  0.99941440344698051     
   1.2000000000000000E-005  0.99940455259654759     
   1.2200000000000000E-005  0.99939470554743581     
   1.2400000000000000E-005  0.99938486229726775     
   1.2600000000000000E-005  0.99937502284366775     
   1.2799999999999999E-005  0.99936518718426148     
   1.2999999999999999E-005  0.99935535531667674     
   1.3199999999999999E-005  0.99934552723854286     
   1.3399999999999999E-005  0.99933570294749074     
   1.3599999999999999E-005  0.99932588244115317     
   1.3800000000000000E-005  0.99931606571716469     
   1.4000000000000000E-005  0.99930625277316099     
   1.4200000000000000E-005  0.99929644360678027     
   1.4399999999999999E-005  0.99928663821566188     
   1.4599999999999999E-005  0.99927683659744670     
   1.4799999999999999E-005  0.99926703874977785     
   1.4999999999999999E-005  0.99925724467029975     
   1.5200000000000000E-005  0.99924745435665852     
   1.5399999999999998E-005  0.99923766780650203     
   1.5600000000000000E-005  0.99922788501747994     
   1.5799999999999998E-005  0.99921810598724325     
   1.5999999999999999E-005  0.99920833071344506     
   1.6200000000000001E-005  0.99919855919374001     
   1.6399999999999999E-005  0.99918879142578398     
   1.6600000000000000E-005  0.99917902740723519     
   1.6799999999999998E-005  0.99916926713575316     
   1.7000000000000000E-005  0.99915951060899899     
   1.7199999999999998E-005  0.99914975782463578     
   1.7399999999999999E-005  0.99914000878032805     
   1.7600000000000001E-005  0.99913026347374212     
   1.7799999999999999E-005  0.99912052190254574     
   1.8000000000000000E-005  0.99911078406440867     
   1.8199999999999999E-005  0.99910104995700222     
   1.8400000000000000E-005  0.99909131957799902     
   1.8599999999999998E-005  0.99908159292507404     
   1.8800000000000000E-005  0.99907186999590303     
   1.8999999999999998E-005  0.99906215078816429     
   1.9199999999999999E-005  0.99905243529953713     
   1.9400000000000001E-005  0.99904272352770285     
   1.9599999999999999E-005  0.99903301547034395     
   1.9800000000000000E-005  0.99902331112514542     
   1.9999999999999998E-005  0.99901361048979309     
   2.0399999999999998E-005  0.99899907065372728     
   2.0799999999999997E-005  0.99897969530875530     
   2.1200000000000000E-005  0.99896033475410972     
   2.1600000000000000E-005  0.99894098897137373     
   2.1999999999999999E-005  0.99892165794215637     
   2.2399999999999999E-005  0.99890234164809322     
   2.2799999999999999E-005  0.99888304007084561     
   2.3199999999999998E-005  0.99886375319210130     
   2.3599999999999998E-005  0.99884448099357381     
   2.4000000000000001E-005  0.99882522345700320     
   2.4400000000000000E-005  0.99880598056415493     
   2.4800000000000000E-005  0.99878675229682068     
   2.5199999999999999E-005  0.99876753863681822     
   2.5599999999999999E-005  0.99874833956599096     
   2.5999999999999998E-005  0.99872915506620819     
   2.6399999999999998E-005  0.99870998511936493     
   2.6799999999999998E-005  0.99869082970738221     
   2.7199999999999997E-005  0.99867168881220636     
   2.7600000000000000E-005  0.99865256241580957     
   2.8000000000000000E-005  0.99863345050019003     
   2.8399999999999999E-005  0.99861435304737112     
   2.8799999999999999E-005  0.99859527003940174     
   2.9199999999999998E-005  0.99857620145835668     
   2.9599999999999998E-005  0.99855714728633593     
   2.9999999999999997E-005  0.99853810750546490     
   3.0400000000000000E-005  0.99851908209789453     
   3.0799999999999996E-005  0.99850007104580096     
   3.1199999999999999E-005  0.99848107433138611     
   3.1599999999999996E-005  0.99846209193687663     
   3.1999999999999999E-005  0.99844312384452449     
   3.2400000000000001E-005  0.99842417003660733     
   3.2799999999999998E-005  0.99840523049542751     
   3.3200000000000001E-005  0.99838630520331295     
   3.3599999999999997E-005  0.99836739414261633     
   3.4000000000000000E-005  0.99834849729571551     
   3.4399999999999996E-005  0.99832961464501313     
   3.4799999999999999E-005  0.99831074617293747     
   3.5200000000000002E-005  0.99829189186194112     
   3.5599999999999998E-005  0.99827305169450176     
   3.6000000000000001E-005  0.99825422565312205     
   3.6399999999999997E-005  0.99823541372032920     
   3.6800000000000000E-005  0.99821661587867572     
   3.7199999999999996E-005  0.99819783211073831     
   3.7599999999999999E-005  0.99817906239911891     
   3.7999999999999995E-005  0.99816030672644396     
   3.8399999999999998E-005  0.99814156507536422     
   3.8800000000000001E-005  0.99812283742855545     
   3.9199999999999997E-005  0.99810412376871804     
   3.9600000000000000E-005  0.99808542407857659     
   3.9999999999999996E-005  0.99806673834088055     
   4.0799999999999996E-005  0.99803875149788457     
   4.1599999999999995E-005  0.99800147736779921     
   4.2400000000000001E-005  0.99796425868246785     
   4.3200000000000000E-005  0.99792709530527401     
   4.3999999999999999E-005  0.99788998709998777     
   4.4799999999999998E-005  0.99785293393076491     
   4.5599999999999997E-005  0.99781593566214544     
   4.6399999999999996E-005  0.99777899215905286     
   4.7199999999999995E-005  0.99774210328679258     
   4.8000000000000001E-005  0.99770526891105094     
   4.8800000000000000E-005  0.99766848889789450     
   4.9599999999999999E-005  0.99763176311376778     
   5.0399999999999999E-005  0.99759509142549330     
   5.1199999999999998E-005  0.99755847370026973     
   5.1999999999999997E-005  0.99752190980567101     
   5.2799999999999996E-005  0.99748539960964544     
   5.3599999999999995E-005  0.99744894298051390     
   5.4399999999999994E-005  0.99741253978696964     
   5.5200000000000000E-005  0.99737618989807608     
   5.5999999999999999E-005  0.99733989318326655     
   5.6799999999999998E-005  0.99730364951234285     
   5.7599999999999997E-005  0.99726745875547418     
   5.8399999999999997E-005  0.99723132078319610     
   5.9199999999999996E-005  0.99719523546640898     
   5.9999999999999995E-005  0.99715920267637792     
   6.0800000000000001E-005  0.99712322228473071     
   6.1599999999999993E-005  0.99708729416345676     
   6.2399999999999999E-005  0.99705141818490672     
   6.3199999999999991E-005  0.99701559422179098     
   6.3999999999999997E-005  0.99697982214717829     
   6.4800000000000003E-005  0.99694410183449467     
   6.5599999999999995E-005  0.99690843315752353     
   6.6400000000000001E-005  0.99687281599040301     
   6.7199999999999994E-005  0.99683725020762570     
   6.7999999999999999E-005  0.99680173568403774     
   6.8799999999999992E-005  0.99676627229483739     
   6.9599999999999998E-005  0.99673085991557386     
   7.0400000000000004E-005  0.99669549842214666     
   7.1199999999999996E-005  0.99666018769080411     
   7.2000000000000002E-005  0.99662492759814325     
   7.2799999999999994E-005  0.99658971802110741     
   7.3600000000000000E-005  0.99655455883698607     
   7.4399999999999992E-005  0.99651944992341357     
   7.5199999999999998E-005  0.99648439115836807     
   7.5999999999999991E-005  0.99644938242017045     
   7.6799999999999997E-005  0.99641442358748367     
   7.7600000000000002E-005  0.99637951453931128     
   7.8399999999999995E-005  0.99634465515499648     
   7.9200000000000001E-005  0.99630984531422151     
   7.9999999999999993E-005  0.99627508489700567     
   8.1599999999999991E-005  0.99622309188904301     
   8.3199999999999989E-005  0.99615391478372961     
   8.4800000000000001E-005  0.99608493284359745     
   8.6399999999999999E-005  0.99601614512786185     
   8.7999999999999998E-005  0.99594755070099816     
   8.9599999999999996E-005  0.99587914863270999     
   9.1199999999999994E-005  0.99581093799789855     
   9.2799999999999992E-005  0.99574291787663050     
   9.4399999999999991E-005  0.99567508735410837     
   9.6000000000000002E-005  0.99560744552063907     
   9.7600000000000001E-005  0.99553999147160355     
   9.9199999999999999E-005  0.99547272430742684     
   1.0080000000000000E-004  0.99540564313354762     
   1.0240000000000000E-004  0.99533874706038838     
   1.0399999999999999E-004  0.99527203520332574     
   1.0559999999999999E-004  0.99520550668266095     
   1.0719999999999999E-004  0.99513916062359087     
   1.0879999999999999E-004  0.99507299615617772     
   1.1040000000000000E-004  0.99500701241532152     
   1.1200000000000000E-004  0.99494120854073054     
   1.1360000000000000E-004  0.99487558367689244     
   1.1519999999999999E-004  0.99481013697304599     
   1.1679999999999999E-004  0.99474486758315350     
   1.1839999999999999E-004  0.99467977466587165     
   1.1999999999999999E-004  0.99461485738452438     
   1.2160000000000000E-004  0.99455011490707435     
   1.2319999999999999E-004  0.99448554640609621     
   1.2480000000000000E-004  0.99442115105874862     
   1.2639999999999998E-004  0.99435692804674747     
   1.2799999999999999E-004  0.99429287655633813     
   1.2960000000000001E-004  0.99422899577826929     
   1.3119999999999999E-004  0.99416528490776590     
   1.3280000000000000E-004  0.99410174314450261     
   1.3439999999999999E-004  0.99403836969257742     
   1.3600000000000000E-004  0.99397516376048523     
   1.3759999999999998E-004  0.99391212456109224     
   1.3920000000000000E-004  0.99384925131160951     
   1.4080000000000001E-004  0.99378654323356741     
   1.4239999999999999E-004  0.99372399955279067     
   1.4400000000000000E-004  0.99366161949937126     
   1.4559999999999999E-004  0.99359940230764510     
   1.4720000000000000E-004  0.99353734721616549     
   1.4879999999999998E-004  0.99347545346767907     
   1.5040000000000000E-004  0.99341372030910047     
   1.5199999999999998E-004  0.99335214699148766     
   1.5359999999999999E-004  0.99329073277001767     
   1.5520000000000000E-004  0.99322947690396224     
   1.5679999999999999E-004  0.99316837865666341     
   1.5840000000000000E-004  0.99310743729550954     
   1.5999999999999999E-004  0.99304665209191167     
   1.6319999999999998E-004  0.99295593878548227     
   1.6639999999999998E-004  0.99283544792496370     
   1.6960000000000000E-004  0.99271556644667713     
   1.7280000000000000E-004  0.99259628874689099     
   1.7600000000000000E-004  0.99247760928289630     
   1.7919999999999999E-004  0.99235952257229121     
   1.8239999999999999E-004  0.99224202319227406     
   1.8559999999999998E-004  0.99212510577894475     
   1.8879999999999998E-004  0.99200876502661717     
   1.9200000000000000E-004  0.99189299568713696     
   1.9520000000000000E-004  0.99177779256920950     
   1.9840000000000000E-004  0.99166315053773513     
   2.0159999999999999E-004  0.99154906451315272     
   2.0479999999999999E-004  0.99143552947079083     
   2.0799999999999999E-004  0.99132254044022838     
   2.1119999999999998E-004  0.99121009250466108     
   2.1439999999999998E-004  0.99109818080027856     
   2.1759999999999998E-004  0.99098680051564569     
   2.2080000000000000E-004  0.99087594689109404     
   2.2400000000000000E-004  0.99076561521811879     
   2.2719999999999999E-004  0.99065580083878424     
   2.3039999999999999E-004  0.99054649914513604     
   2.3359999999999999E-004  0.99043770557862065     
   2.3679999999999998E-004  0.99032941562951227     
   2.3999999999999998E-004  0.99022162483634590     
   2.4320000000000000E-004  0.99011432878535566     
   2.4639999999999997E-004  0.99000752310992357     
   2.4960000000000000E-004  0.98990120349003419     
   2.5279999999999996E-004  0.98979536565173576     
   2.5599999999999999E-004  0.98969000536660701     
   2.5920000000000001E-004  0.98958511845123065     
   2.6239999999999998E-004  0.98948070076667316     
   2.6560000000000000E-004  0.98937674821797172     
   2.6879999999999997E-004  0.98927325675362621     
   2.7200000000000000E-004  0.98917022236509800     
   2.7519999999999997E-004  0.98906764108631473     
   2.7839999999999999E-004  0.98896550899318092     
   2.8160000000000001E-004  0.98886382220309454     
   2.8479999999999998E-004  0.98876257687446989     
   2.8800000000000001E-004  0.98866176920626536     
   2.9119999999999998E-004  0.98856139543751764     
   2.9440000000000000E-004  0.98846145184688117     
   2.9759999999999997E-004  0.98836193475217349     
   3.0079999999999999E-004  0.98826284050992552     
   3.0399999999999996E-004  0.98816416551493791     
   3.0719999999999999E-004  0.98806590619984225     
   3.1040000000000001E-004  0.98796805903466778     
   3.1359999999999998E-004  0.98787062052641328     
   3.1680000000000000E-004  0.98777358721862429     
   3.1999999999999997E-004  0.98767695569097502     
   3.2639999999999996E-004  0.98753319493015523     
   3.3279999999999996E-004  0.98734268071275266     
   3.3920000000000000E-004  0.98715370289760773     
   3.4560000000000000E-004  0.98696623611258316     
   3.5199999999999999E-004  0.98678025550638837     
   3.5839999999999998E-004  0.98659573673687195     
   3.6479999999999998E-004  0.98641265595957883     
   3.7119999999999997E-004  0.98623098981657797     
   3.7759999999999996E-004  0.98605071542557188     
   3.8400000000000001E-004  0.98587181036925242     
   3.9040000000000000E-004  0.98569425268490729     
   3.9680000000000000E-004  0.98551802085427020     
   4.0319999999999999E-004  0.98534309379360541     
   4.0959999999999998E-004  0.98516945084401242     
   4.1599999999999997E-004  0.98499707176200013     
   4.2239999999999997E-004  0.98482593671026275     
   4.2879999999999996E-004  0.98465602624866833     
   4.3519999999999995E-004  0.98448732132545935     
   4.4160000000000000E-004  0.98431980326865920     
   4.4799999999999999E-004  0.98415345377767893     
   4.5439999999999999E-004  0.98398825491512198     
   4.6079999999999998E-004  0.98382418909877867     
   4.6719999999999997E-004  0.98366123909380776     
   4.7359999999999997E-004  0.98349938800510128     
   4.7999999999999996E-004  0.98333861926982624     
   4.8640000000000001E-004  0.98317891665010249     
   4.9279999999999994E-004  0.98302026422591282     
   4.9919999999999999E-004  0.98286264638816867     
   5.0559999999999993E-004  0.98270604783192250     
   5.1199999999999998E-004  0.98255045354973625     
   5.1840000000000002E-004  0.98239584882520281     
   5.2479999999999996E-004  0.98224221922661936     
   5.3120000000000001E-004  0.98208955060080472     
   5.3759999999999995E-004  0.98193782906706084     
   5.4400000000000000E-004  0.98178704101127356     
   5.5039999999999993E-004  0.98163717308014786     
   5.5679999999999998E-004  0.98148821217557858     
   5.6320000000000003E-004  0.98134014544914783     
   5.6959999999999997E-004  0.98119296029675040     
   5.7600000000000001E-004  0.98104664435334277     
   5.8239999999999995E-004  0.98090118548781091     
   5.8880000000000000E-004  0.98075657179795706     
   5.9519999999999994E-004  0.98061279160560211     
   6.0159999999999999E-004  0.98046983345179706     
   6.0799999999999993E-004  0.98032768609214660     
   6.1439999999999997E-004  0.98018633849223802     
   6.2080000000000002E-004  0.98004577982317498     
   6.2719999999999996E-004  0.97990599945721224     
   6.3360000000000001E-004  0.97976698696349052     
   6.3999999999999994E-004  0.97962873210386769     
   6.5279999999999993E-004  0.97942356448826817     
   6.6559999999999992E-004  0.97915216525664206     
   6.7840000000000001E-004  0.97888358774449891     
   6.9120000000000000E-004  0.97861776049084126     
   7.0399999999999998E-004  0.97835461456043349     
   7.1679999999999997E-004  0.97809408344106663     
   7.2959999999999995E-004  0.97783610294516432     
   7.4239999999999994E-004  0.97758061111568872     
   7.5519999999999993E-004  0.97732754813638290     
   7.6800000000000002E-004  0.97707685624576646     
   7.8080000000000001E-004  0.97682847965485453     
   7.9359999999999999E-004  0.97658236446844049     
   8.0639999999999998E-004  0.97633845860971236     
   8.1919999999999996E-004  0.97609671174798396     
   8.3199999999999995E-004  0.97585707523001319     
   8.4479999999999993E-004  0.97561950201403225     
   8.5759999999999992E-004  0.97538394660656746     
   8.7039999999999991E-004  0.97515036500195718     
   8.8320000000000000E-004  0.97491871462444790     
   8.9599999999999999E-004  0.97468895427275504     
   9.0879999999999997E-004  0.97446104406697365     
   9.2159999999999996E-004  0.97423494539773736     
   9.3439999999999994E-004  0.97401062087752510     
   9.4719999999999993E-004  0.97378803429401573     
   9.5999999999999992E-004  0.97356715056540555     
   9.7280000000000001E-004  0.97334793569724209     
   9.8559999999999989E-004  0.97313035674165960     
   9.9839999999999998E-004  0.97291438175822076     
   1.0111999999999999E-003  0.97269997977623845     
   1.0240000000000000E-003  0.97248712075865551     
   1.0368000000000000E-003  0.97227577556741740     
   1.0495999999999999E-003  0.97206591593027403     
   1.0624000000000000E-003  0.97185751440894785     
   1.0751999999999999E-003  0.97165054436860598     
   1.0880000000000000E-003  0.97144497994858281     
   1.1007999999999999E-003  0.97124079603429625     
   1.1136000000000000E-003  0.97103796823030575     
   1.1264000000000001E-003  0.97083647283446373     
   1.1391999999999999E-003  0.97063628681311198     
   1.1520000000000000E-003  0.97043738777727784     
   1.1647999999999999E-003  0.97023975395982753     
   1.1776000000000000E-003  0.97004336419353432     
   1.1903999999999999E-003  0.96984819789002408     
   1.2032000000000000E-003  0.96965423501955839     
   1.2159999999999999E-003  0.96946145609162004     
   1.2287999999999999E-003  0.96926984213626877     
   1.2416000000000000E-003  0.96907937468622951     
   1.2543999999999999E-003  0.96889003575968835     
   1.2672000000000000E-003  0.96870180784375937     
   1.2799999999999999E-003  0.96851467387860035     
   1.3055999999999999E-003  0.96823714381404147     
   1.3311999999999998E-003  0.96787018454370199     
   1.3568000000000000E-003  0.96750724688148204     
   1.3824000000000000E-003  0.96714821998472189     
   1.4080000000000000E-003  0.96679299802059171     
   1.4335999999999999E-003  0.96644147987219653     
   1.4591999999999999E-003  0.96609356886319431     
   1.4847999999999999E-003  0.96574917250105718     
   1.5103999999999999E-003  0.96540820225112678     
   1.5360000000000000E-003  0.96507057327732793     
   1.5616000000000000E-003  0.96473620427068929     
   1.5872000000000000E-003  0.96440501724186478     
   1.6128000000000000E-003  0.96407693733860556     
   1.6383999999999999E-003  0.96375189267424499     
   1.6639999999999999E-003  0.96342981417041884     
   1.6895999999999999E-003  0.96311063540813147     
   1.7151999999999998E-003  0.96279429248803750     
   1.7407999999999998E-003  0.96248072389953232     
   1.7664000000000000E-003  0.96216987039803603     
   1.7920000000000000E-003  0.96186167488989915     
   1.8175999999999999E-003  0.96155608232440104     
   1.8431999999999999E-003  0.96125303959234865     
   1.8687999999999999E-003  0.96095249543082417     
   1.8943999999999999E-003  0.96065440033365790     
   1.9199999999999998E-003  0.96035870646723798     
   1.9456000000000000E-003  0.96006536758961825     
   1.9711999999999998E-003  0.95977433897733788     
   1.9968000000000000E-003  0.95948557735591067     
   2.0223999999999997E-003  0.95919904083356988     
   2.0479999999999999E-003  0.95891468883877862     
   2.0736000000000001E-003  0.95863248206127794     
   2.0991999999999999E-003  0.95835238239644038     
   2.1248000000000000E-003  0.95807435289271670     
   2.1503999999999998E-003  0.95779835770197319     
   2.1760000000000000E-003  0.95752436203253677     
   2.2015999999999997E-003  0.95725233210477445     
   2.2271999999999999E-003  0.95698223510904723     
   2.2528000000000001E-003  0.95671403916589026     
   2.2783999999999999E-003  0.95644771328827849     
   2.3040000000000001E-003  0.95618322734585293     
   2.3295999999999998E-003  0.95592055203098281     
   2.3552000000000000E-003  0.95565965882655568     
   2.3807999999999998E-003  0.95540051997538855     
   2.4063999999999999E-003  0.95514310845116435     
   2.4319999999999997E-003  0.95488739793080268     
   2.4575999999999999E-003  0.95463336276818056     
   2.4832000000000001E-003  0.95438097796912369     
   2.5087999999999998E-003  0.95413021916759477     
   2.5344000000000000E-003  0.95388106260301098     
   2.5599999999999998E-003  0.95363348509862356     
   2.6111999999999997E-003  0.95326665535066757     
   2.6623999999999997E-003  0.95278197593044556     
   2.7136000000000000E-003  0.95230309056533524     
   2.7648000000000000E-003  0.95182985805049525     
   2.8159999999999999E-003  0.95136214118136575     
   2.8671999999999999E-003  0.95089980685718889     
   2.9183999999999998E-003  0.95044272611211977     
   2.9695999999999998E-003  0.94999077410053590     
   3.0207999999999997E-003  0.94954383005678267     
   3.0720000000000001E-003  0.94910177721905808     
   3.1232000000000000E-003  0.94866450273388381     
   3.1744000000000000E-003  0.94823189754717885     
   3.2255999999999999E-003  0.94780385628449038     
   3.2767999999999999E-003  0.94738027712289863     
   3.3279999999999998E-003  0.94696106167363725     
   3.3791999999999997E-003  0.94654611485488405     
   3.4303999999999997E-003  0.94613534476441374     
   3.4815999999999996E-003  0.94572866255429944     
   3.5328000000000000E-003  0.94532598230848486     
   3.5839999999999999E-003  0.94492722092380932     
   3.6351999999999999E-003  0.94453229799488925     
   3.6863999999999998E-003  0.94414113570311387     
   3.7375999999999998E-003  0.94375365870990513     
   3.7887999999999997E-003  0.94336979405430876     
   3.8399999999999997E-003  0.94298947105491360     
   3.8912000000000000E-003  0.94261262121137079     
   3.9423999999999996E-003  0.94223917811934577     
   3.9935999999999999E-003  0.94186907738688641     
   4.0447999999999994E-003  0.94150225655240316     
   4.0959999999999998E-003  0.94113865500653360     
   4.1472000000000002E-003  0.94077821391774974     
   4.1983999999999997E-003  0.94042087616153458     
   4.2496000000000001E-003  0.94006658625295314     
   4.3007999999999996E-003  0.93971529028244993     
   4.3520000000000000E-003  0.93936693585470987     
   4.4031999999999995E-003  0.93902147203042718     
   4.4543999999999999E-003  0.93867884927082945     
   4.5056000000000002E-003  0.93833901938481512     
   4.5567999999999997E-003  0.93800193547856803     
   4.6080000000000001E-003  0.93766755190751472     
   4.6591999999999996E-003  0.93733582423050521     
   4.7104000000000000E-003  0.93700670916609763     
   4.7615999999999995E-003  0.93668016455083525     
   4.8127999999999999E-003  0.93635614929941235     
   4.8639999999999994E-003  0.93603462336662757     
   4.9151999999999998E-003  0.93571554771103271     
   4.9664000000000002E-003  0.93539888426018802     
   5.0175999999999997E-003  0.93508459587743953     
   5.0688000000000000E-003  0.93477264633013979     
   5.1199999999999996E-003  0.93446300025923912     
   5.2223999999999994E-003  0.93400502925512618     
   5.3247999999999993E-003  0.93340078146616756     
   5.4272000000000001E-003  0.93280490251049075     
   5.5296000000000000E-003  0.93221720445242506     
   5.6319999999999999E-003  0.93163749470124846     
   5.7343999999999997E-003  0.93106557991153160     
   5.8367999999999996E-003  0.93050126849732473     
   5.9391999999999995E-003  0.92994437226176574     
   6.0415999999999994E-003  0.92939470745539643     
   6.1440000000000002E-003  0.92885209537946567     
   6.2464000000000000E-003  0.92831636271363038     
   6.3487999999999999E-003  0.92778734165830168     
   6.4511999999999998E-003  0.92726486994765789     
   6.5535999999999997E-003  0.92674879077456396     
   6.6559999999999996E-003  0.92623895269846424     
   6.7583999999999995E-003  0.92573520949024823     
   6.8607999999999994E-003  0.92523741995632214     
   6.9631999999999993E-003  0.92474544775348888     
   7.0656000000000000E-003  0.92425916120042373     
   7.1679999999999999E-003  0.92377843308968988     
   7.2703999999999998E-003  0.92330314050294182     
   7.3727999999999997E-003  0.92283316463105514     
   7.4751999999999996E-003  0.92236839060027453     
   7.5775999999999994E-003  0.92190870730502439     
   7.6799999999999993E-003  0.92145400724770876     
   7.7824000000000001E-003  0.92100418637611758     
   7.8847999999999991E-003  0.92055914394848193     
   7.9871999999999999E-003  0.92011878239726752     
   8.0895999999999989E-003  0.91968300719488094     
   8.1919999999999996E-003  0.91925172672651623     
   8.2944000000000004E-003  0.91882485216964327     
   8.3967999999999994E-003  0.91840229737968260     
   8.4992000000000002E-003  0.91798397878146842     
   8.6015999999999992E-003  0.91756981526614889     
   8.7039999999999999E-003  0.91715972809319801     
   8.8063999999999990E-003  0.91675364079724764     
   8.9087999999999997E-003  0.91635147909946135     
   9.0112000000000005E-003  0.91595317082319594     
   9.1135999999999995E-003  0.91555864581370805     
   9.2160000000000002E-003  0.91516783586168260     
   9.3183999999999993E-003  0.91478067463036916     
   9.4208000000000000E-003  0.91439709758612853     
   9.5231999999999990E-003  0.91401704193220079     
   9.6255999999999998E-003  0.91364044654552212     
   9.7279999999999988E-003  0.91326725191642188     
   9.8303999999999996E-003  0.91289740009104614     
   9.9328000000000003E-003  0.91253083461636209     
   1.0035199999999999E-002  0.91216750048760564     
   1.0137600000000000E-002  0.91180734409804143     
   1.0239999999999999E-002  0.91145031319091663     
   1.0444799999999999E-002  0.91092334626484228     
   1.0649599999999999E-002  0.91022927549935861     
   1.0854400000000000E-002  0.90954645220787778     
   1.1059200000000000E-002  0.90887463893158227     
   1.1264000000000000E-002  0.90821356573851975     
   1.1468799999999999E-002  0.90756295098046591     
   1.1673599999999999E-002  0.90692251181734873     
   1.1878399999999999E-002  0.90629196967748005     
   1.2083199999999999E-002  0.90567105310786444     
   1.2288000000000000E-002  0.90505949907845973     
   1.2492800000000000E-002  0.90445705353394701     
   1.2697600000000000E-002  0.90386347152947477     
   1.2902400000000000E-002  0.90327851712591145     
   1.3107199999999999E-002  0.90270196315110718     
   1.3311999999999999E-002  0.90213359095651269     
   1.3516799999999999E-002  0.90157319007787651     
   1.3721599999999999E-002  0.90102055788779756     
   1.3926399999999999E-002  0.90047549925231207     
   1.4131200000000000E-002  0.89993782619556562     
   1.4336000000000000E-002  0.89940735757539980     
   1.4540800000000000E-002  0.89888391877159890     
   1.4745599999999999E-002  0.89836734138772345     
   1.4950399999999999E-002  0.89785746296689517     
   1.5155199999999999E-002  0.89735412672150472     
   1.5359999999999999E-002  0.89685718127656666     
   1.5564800000000000E-002  0.89636648041142997     
   1.5769599999999998E-002  0.89588188285012127     
   1.5974400000000000E-002  0.89540325204415572     
   1.6179199999999998E-002  0.89493045596058252     
   1.6383999999999999E-002  0.89446336688365014     
   1.6588800000000001E-002  0.89400186122796632     
   1.6793599999999999E-002  0.89354581936189437     
   1.6998400000000000E-002  0.89309512544032721     
   1.7203199999999998E-002  0.89264966724618211     
   1.7408000000000000E-002  0.89220933604005803     
   1.7612799999999998E-002  0.89177402641755732     
   1.7817599999999999E-002  0.89134363617381562     
   1.8022400000000001E-002  0.89091806617481861     
   1.8227199999999999E-002  0.89049722023510858     
   1.8432000000000000E-002  0.89008100500151088     
   1.8636799999999999E-002  0.88966932984253355     
   1.8841600000000000E-002  0.88926210674311845     
   1.9046399999999998E-002  0.88885925020443668     
   1.9251200000000000E-002  0.88846067714844545     
   1.9455999999999998E-002  0.88806630682694088     
   1.9660799999999999E-002  0.88767606073485306     
   1.9865600000000001E-002  0.88728986252755249     
   2.0070399999999999E-002  0.88690763794194571     
   2.0275200000000000E-002  0.88652931472115670     
   2.0479999999999998E-002  0.88615482254259659     
   2.0889599999999998E-002  0.88560326577061610     
   2.1299199999999997E-002  0.88487828127356516     
   2.1708800000000000E-002  0.88416700385851188     
   2.2118400000000000E-002  0.88346912479377737     
   2.2527999999999999E-002  0.88278427373137669     
   2.2937599999999999E-002  0.88211206536569819     
   2.3347199999999999E-002  0.88145211675381052     
   2.3756799999999998E-002  0.88080405436366804     
   2.4166399999999998E-002  0.88016751704140006     
   2.4576000000000001E-002  0.87954215700085259     
   2.4985600000000000E-002  0.87892764003355228     
   2.5395200000000000E-002  0.87832364532179585     
   2.5804799999999999E-002  0.87772986503785178     
   2.6214399999999999E-002  0.87714600384103303     
   2.6623999999999998E-002  0.87657177840868150     
   2.7033599999999998E-002  0.87600691686142729     
   2.7443199999999997E-002  0.87545115821273523     
   2.7852799999999997E-002  0.87490425184077991     
   2.8262400000000000E-002  0.87436595698195219     
   2.8672000000000000E-002  0.87383604224727118     
   2.9081599999999999E-002  0.87331428516247689     
   2.9491199999999999E-002  0.87280047173189024     
   2.9900799999999998E-002  0.87229439602562842     
   3.0310399999999998E-002  0.87179585978941654     
   3.0719999999999997E-002  0.87130467207604889     
   3.1129600000000000E-002  0.87082064887945276     
   3.1539199999999996E-002  0.87034361283651318     
   3.1948799999999999E-002  0.86987339291308252     
   3.2358399999999995E-002  0.86940982410432632     
   3.2767999999999999E-002  0.86895274715668624     
   3.3177600000000002E-002  0.86850200830646451     
   3.3587199999999998E-002  0.86805745903309428     
   3.3996800000000001E-002  0.86761895582595649     
   3.4406399999999997E-002  0.86718635996384041     
   3.4816000000000000E-002  0.86675953730624922     
   3.5225599999999996E-002  0.86633835809581883     
   3.5635199999999999E-002  0.86592269677116707     
   3.6044800000000002E-002  0.86551243178953241     
   3.6454399999999998E-002  0.86510744545861074     
   3.6864000000000001E-002  0.86470762377703014     
   3.7273599999999997E-002  0.86431285628294918     
   3.7683200000000000E-002  0.86392303591029107     
   3.8092799999999996E-002  0.86353805885216439     
   3.8502399999999999E-002  0.86315782443104738     
   3.8911999999999995E-002  0.86278223497534023     
   3.9321599999999998E-002  0.86241119570192026     
   3.9731200000000001E-002  0.86204461460435144     
   4.0140799999999997E-002  0.86168240234643156     
   4.0550400000000000E-002  0.86132447216077068     
   4.0959999999999996E-002  0.86097073975212468     
   4.1779199999999996E-002  0.86045097807632764     
   4.2598399999999995E-002  0.85976938540460957     
   4.3417600000000001E-002  0.85910273534849269     
   4.4236800000000000E-002  0.85845064108420555     
   4.5055999999999999E-002  0.85781264926531042     
   4.5875199999999998E-002  0.85718829634169724     
   4.6694399999999997E-002  0.85657712641661721     
   4.7513599999999996E-002  0.85597869795131709     
   4.8332799999999995E-002  0.85539258631882298     
   4.9152000000000001E-002  0.85481838442550240     
   4.9971200000000000E-002  0.85425570261377426     
   5.0790399999999999E-002  0.85370416819203343     
   5.1609599999999999E-002  0.85316342477249407     
   5.2428799999999998E-002  0.85263313153379550     
   5.3247999999999997E-002  0.85211296253071134     
   5.4067199999999996E-002  0.85160260590812742     
   5.4886399999999995E-002  0.85110176316854957     
   5.5705599999999994E-002  0.85061014847521299     
   5.6524800000000000E-002  0.85012748798923532     
   5.7343999999999999E-002  0.84965351924160415     
   5.8163199999999998E-002  0.84918799053995420     
   5.8982399999999997E-002  0.84873066040932388     
   5.9801599999999996E-002  0.84828129706561506     
   6.0620799999999996E-002  0.84783967792019843     
   6.1439999999999995E-002  0.84740558911398367     
   6.2259200000000001E-002  0.84697882506143940     
   6.3078399999999993E-002  0.84655918807208064     
   6.3897599999999999E-002  0.84614648795330316     
   6.4716799999999991E-002  0.84574054163898604     
   6.5535999999999997E-002  0.84534117284530153     
   6.6355200000000003E-002  0.84494821174727264     
   6.7174399999999995E-002  0.84456149467407027     
   6.7993600000000001E-002  0.84418086382171653     
   6.8812799999999993E-002  0.84380616698203947     
   6.9631999999999999E-002  0.84343725859461927     
   7.0451199999999992E-002  0.84307399516205839     
   7.1270399999999998E-002  0.84271624001727985     
   7.2089600000000004E-002  0.84236386099466887     
   7.2908799999999996E-002  0.84201673033482227     
   7.3728000000000002E-002  0.84167472451828140     
   7.4547199999999994E-002  0.84133772409139573     
   7.5366400000000000E-002  0.84100561349663150     
   7.6185599999999992E-002  0.84067828090997587     
   7.7004799999999998E-002  0.84035561808587744     
   7.7823999999999990E-002  0.84003752020979716     
   7.8643199999999996E-002  0.83972388575803758     
   7.9462400000000002E-002  0.83941461636448622     
   8.0281599999999995E-002  0.83910961669391382     
   8.1100800000000001E-002  0.83880879432151412     
   8.1919999999999993E-002  0.83851205961822251     
   8.3558399999999991E-002  0.83807729989445146     
   8.5196799999999989E-002  0.83750872091074324     
   8.6835200000000001E-002  0.83695458987837679     
   8.8473599999999999E-002  0.83641448698392384     
   9.0111999999999998E-002  0.83588792885701113     
   9.1750399999999996E-002  0.83537442564690156     
   9.3388799999999994E-002  0.83487349860124216     
   9.5027199999999992E-002  0.83438468640295338     
   9.6665599999999990E-002  0.83390754733961048     
   9.8304000000000002E-002  0.83344165962508865     
   9.9942400000000001E-002  0.83298662104056409     
  0.10158080000000000       0.83254204823314626     
  0.10321920000000000       0.83210757585304562     
  0.10485760000000000       0.83168285564458733     
  0.10649599999999999       0.83126755558916798     
  0.10813439999999999       0.83086135898228330     
  0.10977279999999999       0.83046396358245766     
  0.11141119999999999       0.83007508080631665     
  0.11304960000000000       0.82969443496838524     
  0.11468800000000000       0.82932176256538359     
  0.11632640000000000       0.82895681160397916     
  0.11796479999999999       0.82859934097022792     
  0.11960319999999999       0.82824911983855676     
  0.12124159999999999       0.82790592711798539     
  0.12287999999999999       0.82756955093325524     
  0.12451840000000000       0.82723978812302246     
  0.12615679999999999       0.82691644381582008     
  0.12779520000000000       0.82659933099050265     
  0.12943359999999998       0.82628827007000294     
  0.13107199999999999       0.82598308854482450     
  0.13271040000000001       0.82568362061975153     
  0.13434879999999999       0.82538970688178204     
  0.13598720000000000       0.82510119398779769     
  0.13762559999999999       0.82481793437063577     
  0.13926400000000000       0.82453978596233013     
  0.14090239999999998       0.82426661193336748     
  0.14254080000000000       0.82399828044689027     
  0.14417920000000001       0.82373466442685372     
  0.14581759999999999       0.82347564133921702     
  0.14745600000000000       0.82322109298531587     
  0.14909439999999999       0.82297090530662564     
  0.15073280000000000       0.82272496820018393     
  0.15237119999999998       0.82248317534397808     
  0.15400960000000000       0.82224542403172163     
  0.15564799999999998       0.82201161501635478     
  0.15728639999999999       0.82178165236177003     
  0.15892480000000000       0.82155544330225494     
  0.16056319999999999       0.82133289810917687     
  0.16220160000000000       0.82111392996447430     
  0.16383999999999999       0.82089845484054424     
  0.16711679999999998       0.82058395078803215     
  0.17039359999999998       0.82017404307300468     
  0.17367040000000000       0.81977637408455428     
  0.17694720000000000       0.81939054666683386     
  0.18022400000000000       0.81901610787944334     
  0.18350079999999999       0.81865260215592539     
  0.18677759999999999       0.81829958704890393     
  0.19005439999999998       0.81795663852048728     
  0.19333119999999998       0.81762335247265283     
  0.19660800000000000       0.81729934471197552     
  0.19988480000000000       0.81698425622395165     
  0.20316160000000000       0.81667773270917010     
  0.20643839999999999       0.81637944640695848     
  0.20971519999999999       0.81608908520293610     
  0.21299199999999999       0.81580635236433807     
  0.21626879999999998       0.81553096572398620     
  0.21954559999999998       0.81526265685107524     
  0.22282239999999998       0.81500117025055185     
  0.22609920000000000       0.81474626260468108     
  0.22937600000000000       0.81449770206020156     
  0.23265279999999999       0.81425526756140698     
  0.23592959999999999       0.81401874822697273     
  0.23920639999999999       0.81378794276810962     
  0.24248319999999998       0.81356265894536339     
  0.24575999999999998       0.81334271306166217     
  0.24903680000000000       0.81312792947635759     
  0.25231359999999997       0.81291814018903397     
  0.25559040000000000       0.81271318441357421     
  0.25886719999999996       0.81251290818756572     
  0.26214399999999999       0.81231716401045484     
  0.26542080000000001       0.81212581050464505     
  0.26869759999999998       0.81193871209772916     
  0.27197440000000001       0.81175573872438467     
  0.27525119999999997       0.81157676554656244     
  0.27852800000000000       0.81140167269069519     
  0.28180479999999997       0.81123034500066615     
  0.28508159999999999       0.81106267180573732     
  0.28835840000000001       0.81089854670196915     
  0.29163519999999998       0.81073786734647024     
  0.29491200000000001       0.81058053526357987     
  0.29818879999999998       0.81042645566216243     
  0.30146560000000000       0.81027553726326995     
  0.30474239999999997       0.81012769213749081     
  0.30801919999999999       0.80998283555134931     
  0.31129599999999996       0.80984088582217051     
  0.31457279999999999       0.80970176418086737     
  0.31784960000000001       0.80956539464214439     
  0.32112639999999998       0.80943170388165320     
  0.32440320000000000       0.80930062111966294     
  0.32767999999999997       0.80917207801084490     
  0.33423359999999996       0.80898550652047985     
  0.34078719999999996       0.80874354666884674     
  0.34734080000000001       0.80851038318553381     
  0.35389440000000000       0.80828568639300946     
  0.36044799999999999       0.80806908717377879     
  0.36700159999999998       0.80786021857341650     
  0.37355519999999998       0.80765872726803511     
  0.38010879999999997       0.80746427697537648     
  0.38666239999999996       0.80727654911931446     
  0.39321600000000001       0.80709524243277930     
  0.39976960000000000       0.80692007220813600     
  0.40632320000000000       0.80675076940265888     
  0.41287679999999999       0.80658707970452115     
  0.41943039999999998       0.80642876262207885     
  0.42598399999999997       0.80627559063510912     
  0.43253759999999997       0.80612734834876321     
  0.43909119999999996       0.80598383172389432     
  0.44564479999999995       0.80584484735907758     
  0.45219840000000000       0.80571021182184888     
  0.45875199999999999       0.80557975102683543     
  0.46530559999999999       0.80545329965792467     
  0.47185919999999998       0.80533070063146495     
  0.47841279999999997       0.80521180459751007     
  0.48496639999999996       0.80509646947624547     
  0.49151999999999996       0.80498456002690166     
  0.49807360000000001       0.80487594743880064     
  0.50462719999999994       0.80477050897589741     
  0.51118079999999999       0.80466812761921802     
  0.51773439999999993       0.80456869174061740     
  0.52428799999999998       0.80447209480065984     
  0.53084160000000002       0.80437823506628714     
  0.53739519999999996       0.80428701534703451     
  0.54394880000000001       0.80419834274813962     
  0.55050239999999995       0.80411212843953805     
  0.55705600000000000       0.80402828743955590     
  0.56360959999999993       0.80394673841221409     
  0.57016319999999998       0.80386740347716534     
  0.57671680000000003       0.80379020803135348     
  0.58327039999999997       0.80371509186550527     
  0.58982400000000001       0.80364197148984273     
  0.59637759999999995       0.80357078338702737     
  0.60293120000000000       0.80350146507127063     
  0.60948479999999994       0.80343395624671943     
  0.61603839999999999       0.80336819891743416     
  0.62259199999999992       0.80330413733468697     
  0.62914559999999997       0.80324171791104160     
  0.63569920000000002       0.80318088912719821     
  0.64225279999999996       0.80312160143890443     
  0.64880640000000001       0.80306380718759462     
  0.65535999999999994       0.80300746051495553     
  0.66846719999999993       0.80292643292880017     
  0.68157439999999991       0.80282223128994934     
  0.69468160000000001       0.80272294641383390     
  0.70778880000000000       0.80262834939521821     
  0.72089599999999998       0.80253821351354304     
  0.73400319999999997       0.80245227089715709     
  0.74711039999999995       0.80237029621052081     
  0.76021759999999994       0.80229207459402396     
  0.77332479999999992       0.80221740379272832     
  0.78643200000000002       0.80214609392417413     
  0.79953920000000001       0.80207796684795651     
  0.81264639999999999       0.80201285543997125     
  0.82575359999999998       0.80195060285817910     
  0.83886079999999996       0.80189106183947589     
  0.85196799999999995       0.80183409404784711     
  0.86507519999999993       0.80177956944411843     
  0.87818239999999992       0.80172736571322045     
  0.89128959999999990       0.80167736773350651     
  0.90439680000000000       0.80162946708637839     
  0.91750399999999999       0.80158356160187116     
  0.93061119999999997       0.80153955493989804     
  0.94371839999999996       0.80149735620280216     
  0.95682559999999994       0.80145687957728562     
  0.96993279999999993       0.80141804400329231     
  0.98303999999999991       0.80138077286756415     
  0.99614720000000001       0.80134499371632839     
   1.0092543999999999       0.80131063800071733     
   1.0223616000000000       0.80127764082781150     
   1.0354687999999999       0.80124594073367028     
   1.0485760000000000       0.80121547947320848     
   1.0616832000000000       0.80118620182533151     
   1.0747903999999999       0.80115805541092122     
   1.0878976000000000       0.80113099052357351     
   1.1010047999999999       0.80110495997194509     
   1.1141120000000000       0.80107991893276931     
   1.1272191999999999       0.80105582481372850     
   1.1403264000000000       0.80103263712543482     
   1.1534336000000001       0.80101033764887353     
   1.1665407999999999       0.80098886296946725     
   1.1796480000000000       0.80096818189707819     
   1.1927551999999999       0.80094826221330195     
   1.2058624000000000       0.80092907274927194     
   1.2189695999999999       0.80091058364817602     
   1.2320768000000000       0.80089276637842988     
   1.2451839999999998       0.80087559369556127     
   1.2582911999999999       0.80085903958911897     
   1.2713984000000000       0.80084307922480313     
   1.2845055999999999       0.80082768888782141     
   1.2976128000000000       0.80081284592785074     
   1.3107199999999999       0.80079852870610080     
   1.3369343999999999       0.80077832716158026     
   1.3631487999999998       0.80075272685484689     
   1.3893632000000000       0.80072883458520194     
   1.4155776000000000       0.80070654228912663     
   1.4417920000000000       0.80068573854823821     
   1.4680063999999999       0.80066631727911997     
   1.4942207999999999       0.80064817949101663     
   1.5204351999999999       0.80063123344351839     
   1.5466495999999998       0.80061539433126216     
   1.5728640000000000       0.80060058382339294     
   1.5990784000000000       0.80058672958231947     
   1.6252928000000000       0.80057376479265741     
   1.6515072000000000       0.80056162771546213     
   1.6777215999999999       0.80055026127571460     
   1.7039359999999999       0.80053961268550422     
   1.7301503999999999       0.80052963309090797     
   1.7563647999999998       0.80052031266245116     
   1.7825791999999998       0.80051156216521457     
   1.8087936000000000       0.80050334860006678     
   1.8350080000000000       0.80049563783662347     
   1.8612223999999999       0.80048839747718548     
   1.8874367999999999       0.80048159714876810     
   1.9136511999999999       0.80047520847888520     
   1.9398655999999999       0.80046920500337126     
   1.9660799999999998       0.80046356205224978     
   1.9922944000000000       0.80045825662962344     
   2.0185087999999998       0.80045326730123745     
   2.0447232000000000       0.80044857408335146     
   2.0709375999999997       0.80044415833960825     
   2.0971519999999999       0.80044000268506554     
   2.1233664000000001       0.80043609089762702     
   2.1495807999999998       0.80043240783440961     
   2.1757952000000000       0.80042893935511972     
   2.2020095999999998       0.80042567225108918     
   2.2282240000000000       0.80042262862268432     
   2.2544383999999997       0.80041975150208478     
   2.2806527999999999       0.80041703529351282     
   2.3068672000000001       0.80041447167984003     
   2.3330815999999999       0.80041205221353162     
   2.3592960000000001       0.80040976871288938     
   2.3855103999999998       0.80040761336865818     
   2.4117248000000000       0.80040557877804730     
   2.4379391999999998       0.80040365794900703     
   2.4641535999999999       0.80040184428937411     
   2.4903679999999997       0.80040013159154311     
   2.5165823999999999       0.80039851401429951     
   2.5427968000000001       0.80039698606323983     
   2.5690111999999998       0.80039554257143486     
   2.5952256000000000       0.80039417868110918     
   2.6214399999999998       0.80039288982454293     
   2.6738687999999997       0.80039114598343375     
   2.7262975999999997       0.80038899070410086     
   2.7787264000000000       0.80038710513889799     
   2.8311552000000000       0.80038540146960913     
   2.8835839999999999       0.80038386604902123     
   2.9360127999999999       0.80038248365864928     
   2.9884415999999998       0.80038123963599117     
   3.0408703999999998       0.80038012033353501     
   3.0932991999999997       0.80037911325461453     
   3.1457280000000001       0.80037820705925855     
   3.1981568000000000       0.80037744112874409     
   3.2505856000000000       0.80037674178439155     
   3.3030143999999999       0.80037610484174870     
   3.3554431999999998       0.80037552574587389     
   3.4078719999999998       0.80037499989430660     
   3.4603007999999997       0.80037452278332377     
   3.5127295999999997       0.80037409012280536     
   3.5651583999999996       0.80037369789978619     
   3.6175872000000000       0.80037334240349078     
   3.6700159999999999       0.80037307093591303     
   3.7224447999999999       0.80037282115076525     
   3.7748735999999998       0.80037258953633106     
   3.8273023999999998       0.80037237466409905     
   3.8797311999999997       0.80037217558528262     
   3.9321599999999997       0.80037199142300697     
   3.9845888000000000       0.80037182129235929     
   4.0370175999999995       0.80037166430259576     
   4.0894463999999999       0.80037151957247277     
   4.1418751999999994       0.80037138624398052     
   4.1943039999999998       0.80037126349262144     
   4.2467328000000002       0.80037115053400176     
   4.2991615999999997       0.80037104662741054     
   4.3515904000000001       0.80037095107742873     
   4.4040191999999996       0.80037086323450424     
   4.4564480000000000       0.80037078249365856     
   4.5088767999999995       0.80037070829281909     
   4.5613055999999998       0.80037064011117764     
   4.6137344000000002       0.80037057746687412     
   4.6661631999999997       0.80037051991469232     
   4.7185920000000001       0.80037046704375869     
   4.7710207999999996       0.80037041847525381     
   4.8234496000000000       0.80037037386018017     
   4.8758783999999995       0.80037033287724091     
   4.9283071999999999       0.80037029523080694     
   4.9807359999999994       0.80037026064887917     
   5.0331647999999998       0.80037022888153819     
   5.0855936000000002       0.80037019969910816     
   5.1380223999999997       0.80037017289054191     
   5.1904512000000000       0.80037014826195074     
   5.2428799999999995       0.80037012563524312     
   5.3477375999999994       0.80037010427049649     
   5.4525951999999993       0.80037007558695039     
   5.5574528000000001       0.80037005029300956     
   5.6623104000000000       0.80037002796601431     
   5.7671679999999999       0.80037000827819349     
   5.8720255999999997       0.80036999094208894     
   5.9768831999999996       0.80036997569666657     
   6.0817407999999995       0.80036996230456015     
   6.1865983999999994       0.80036995055108429     
   6.2914560000000002       0.80036994024320007     
   6.3963136000000000       0.80036993120828270     
   6.5011711999999999       0.80036992329275625     
   6.6060287999999998       0.80036991636050969     
   6.7108863999999997       0.80036991029120097     
   6.8157439999999996       0.80036990497866989     
   6.9206015999999995       0.80036990032939670     
   7.0254591999999993       0.80036989626118071     
   7.1303167999999992       0.80036989270182601     
   7.2351744000000000       0.80036988958796917     
   7.3400319999999999       0.80036988686402566     
   7.4448895999999998       0.80036988448127355     
   7.5497471999999997       0.80036988239704965     
   7.6546047999999995       0.80036988057399860     
   7.7594623999999994       0.80036987897941969     
   7.8643199999999993       0.80036987758468758     
   7.9691776000000001       0.80036987636475099     
   8.0740351999999991       0.80036987529769021     
   8.1788927999999999       0.80036987436433482     
   8.2837503999999988       0.80036987354791811     
   8.3886079999999996       0.80036987283377525     
   8.4934656000000004       0.80036987220907529     
   8.5983231999999994       0.80036987166260098     
   8.7031808000000002       0.80036987118454439     
   8.8080383999999992       0.80036987076632926     
   8.9128959999999999       0.80036987040045204     
   9.0177535999999989       0.80036987008034921     
   9.1226111999999997       0.80036986980028635     
   9.2274688000000005       0.80036986955524791     
   9.3323263999999995       0.80036986934084842     
   9.4371840000000002       0.80036986915325226     
   9.5420415999999992       0.80036986898910378     
   9.6468992000000000       0.80036986884546923     
   9.7517567999999990       0.80036986871978055     
   9.8566143999999998       0.80036986860979353     
   9.9614719999999988       0.80036986851354353     
   10.066329600000000       0.80036986842931201     
   10.171187200000000       0.80036986835559665     
   10.276044799999999       0.80036986829108214     
   10.380902400000000       0.80036986823461920     
   10.485759999999999       0.80036986818520073     
   10.695475199999999       0.80036986814812283     
   10.905190399999999       0.80036986809757815     
   11.114905600000000       0.80036986805546284     
   11.324620800000000       0.80036986802017218     
   11.534336000000000       0.80036986799056720     
   11.744051199999999       0.80036986796573761     
   11.953766399999999       0.80036986794492160     
   12.163481599999999       0.80036986792747744     
   12.373196799999999       0.80036986791286591     
   12.582912000000000       0.80036986790062936     
   12.792627200000000       0.80036986789038522     
   13.002342400000000       0.80036986788181186     
   13.212057600000000       0.80036986787463571     
   13.421772799999999       0.80036986786863062     
   13.631487999999999       0.80036986786360653     
   13.841203199999999       0.80036986785940323     
   14.050918399999999       0.80036986785588593     
   14.260633599999998       0.80036986785294384     
   14.470348800000000       0.80036986785048247     
   14.680064000000000       0.80036986784842423     
   14.889779200000000       0.80036986784670217     
   15.099494399999999       0.80036986784526198     
   15.309209599999999       0.80036986784405773     
   15.518924799999999       0.80036986784305009     
   15.728639999999999       0.80036986784220743     
   15.938355200000000       0.80036986784150321     
   16.148070399999998       0.80036986784091413     
   16.357785600000000       0.80036986784042097     
   16.567500799999998       0.80036986784000874     
   16.777215999999999       0.80036986783966402     
   16.986931200000001       0.80036986783937525     
   17.196646399999999       0.80036986783913455     
   17.406361600000000       0.80036986783893294     
   17.616076799999998       0.80036986783876396     
   17.825792000000000       0.80036986783862307     
   18.035507199999998       0.80036986783850472     
   18.245222399999999       0.80036986783840602     
   18.454937600000001       0.80036986783832365     
   18.664652799999999       0.80036986783825459     
   18.874368000000000       0.80036986783819697     
   19.084083199999998       0.80036986783814845     
   19.293798400000000       0.80036986783810837     
   19.503513599999998       0.80036986783807473     
   19.713228800000000       0.80036986783804620     
   19.922943999999998       0.80036986783802255     
   20.132659199999999       0.80036986783800301     
   20.342374400000001       0.80036986783798647     
   20.552089599999999       0.80036986783797304     
   20.761804800000000       0.80036986783796160     
   20.971519999999998       0.80036986783795183     
   21.390950399999998       0.80036986783794617     
   21.810380799999997       0.80036986783793795     
   22.229811200000000       0.80036986783793140     
   22.649241600000000       0.80036986783792619     
   23.068671999999999       0.80036986783792197     
   23.488102399999999       0.80036986783791841     
   23.907532799999998       0.80036986783791531     
   24.326963199999998       0.80036986783791275     
   24.746393599999998       0.80036986783791075     
   25.165824000000001       0.80036986783790909     
   25.585254400000000       0.80036986783790787     
   26.004684800000000       0.80036986783790698     
   26.424115199999999       0.80036986783790620     
   26.843545599999999       0.80036986783790565     
   27.262975999999998       0.80036986783790520     
   27.682406399999998       0.80036986783790465     
   28.101836799999997       0.80036986783790420     
   28.521267199999997       0.80036986783790365     
   28.940697600000000       0.80036986783790343     
   29.360128000000000       0.80036986783790320     
   29.779558399999999       0.80036986783790309     
   30.198988799999999       0.80036986783790276     
   30.618419199999998       0.80036986783790265     
   31.037849599999998       0.80036986783790254     
   31.457279999999997       0.80036986783790232     
   31.876710400000000       0.80036986783790232     
   32.296140799999996       0.80036986783790232     
   32.715571199999999       0.80036986783790232     
   33.135001599999995       0.80036986783790232     
   33.554431999999998       0.80036986783790232     
   33.973862400000002       0.80036986783790232     
   34.393292799999998       0.80036986783790232     
   34.812723200000001       0.80036986783790232     
   35.232153599999997       0.80036986783790232     
   35.651584000000000       0.80036986783790232     
   36.071014399999996       0.80036986783790232     
   36.490444799999999       0.80036986783790232     
   36.909875200000002       0.80036986783790232     
   37.329305599999998       0.80036986783790232     
   37.748736000000001       0.80036986783790232     
   38.168166399999997       0.80036986783790232     
   38.587596800000000       0.80036986783790232     
   39.007027199999996       0.80036986783790232     
   39.426457599999999       0.80036986783790232     
   39.845887999999995       0.80036986783790232     
   40.265318399999998       0.80036986783790232     
   40.684748800000001       0.80036986783790232     
   41.104179199999997       0.80036986783790232     
   41.523609600000000       0.80036986783790232     
   41.943039999999996       0.80036986783790232     
   42.781900799999995       0.80036986783790232     
   43.620761599999994       0.80036986783790232     
   44.459622400000001       0.80036986783790232     
   45.298483200000000       0.80036986783790232     
   46.137343999999999       0.80036986783790232     
   46.976204799999998       0.80036986783790232     
   47.815065599999997       0.80036986783790232     
   48.653926399999996       0.80036986783790232     
   49.492787199999995       0.80036986783790232     
   50.331648000000001       0.80036986783790232     
   51.170508800000000       0.80036986783790232     
   52.009369599999999       0.80036986783790232     
   52.848230399999998       0.80036986783790232     
   53.687091199999998       0.80036986783790232     
   54.525951999999997       0.80036986783790232     
   55.364812799999996       0.80036986783790232     
   56.203673599999995       0.80036986783790232     
   57.042534399999994       0.80036986783790232     
   57.881395200000000       0.80036986783790232     
   58.720255999999999       0.80036986783790232     
   59.559116799999998       0.80036986783790232     
   60.397977599999997       0.80036986783790232     
   61.236838399999996       0.80036986783790232     
   62.075699199999995       0.80036986783790232     
   62.914559999999994       0.80036986783790232     
   63.753420800000001       0.80036986783790232     
   64.592281599999993       0.80036986783790232     
   65.431142399999999       0.80036986783790232     
   66.270003199999991       0.80036986783790232     
   67.108863999999997       0.80036986783790232     
   67.947724800000003       0.80036986783790232     
   68.786585599999995       0.80036986783790232     
   69.625446400000001       0.80036986783790232     
   70.464307199999993       0.80036986783790232     
   71.303167999999999       0.80036986783790232     
   72.142028799999991       0.80036986783790232     
   72.980889599999998       0.80036986783790232     
   73.819750400000004       0.80036986783790232     
   74.658611199999996       0.80036986783790232     
   75.497472000000002       0.80036986783790232     
   76.336332799999994       0.80036986783790232     
   77.175193600000000       0.80036986783790232     
   78.014054399999992       0.80036986783790232     
   78.852915199999998       0.80036986783790232     
   79.691775999999990       0.80036986783790232     
   80.530636799999996       0.80036986783790232     
   81.369497600000003       0.80036986783790232     
   82.208358399999995       0.80036986783790232     
   83.047219200000001       0.80036986783790232     
   83.886079999999993       0.80036986783790232     
   85.563801599999991       0.80036986783790232     
   87.241523199999989       0.80036986783790220     
   88.919244800000001       0.80036986783790220     
   90.596966399999999       0.80036986783790220     
   92.274687999999998       0.80036986783790220     
   93.952409599999996       0.80036986783790220     
   95.630131199999994       0.80036986783790220     
   97.307852799999992       0.80036986783790220     
   98.985574399999990       0.80036986783790220     
   100.66329600000000       0.80036986783790220     
   102.34101760000000       0.80036986783790220     
   104.01873920000000       0.80036986783790220     
   105.69646080000000       0.80036986783790220     
   107.37418240000000       0.80036986783790220     
   109.05190399999999       0.80036986783790220     
   110.72962559999999       0.80036986783790220     
   112.40734719999999       0.80036986783790220     
   114.08506879999999       0.80036986783790220     
   115.76279040000000       0.80036986783790220     
   117.44051200000000       0.80036986783790220     
   119.11823360000000       0.80036986783790220     
   120.79595519999999       0.80036986783790220     
   122.47367679999999       0.80036986783790220     
   124.15139839999999       0.80036986783790220     
   125.82911999999999       0.80036986783790220     
   127.50684160000000       0.80036986783790220     
   129.18456319999999       0.80036986783790220     
   130.86228480000000       0.80036986783790220     
   132.54000639999998       0.80036986783790220     
   134.21772799999999       0.80036986783790220     
   135.89544960000001       0.80036986783790220     
   137.57317119999999       0.80036986783790220     
   139.25089280000000       0.80036986783790220     
   140.92861439999999       0.80036986783790220     
   142.60633600000000       0.80036986783790220     
   144.28405759999998       0.80036986783790220     
   145.96177920000000       0.80036986783790220     
   147.63950080000001       0.80036986783790220     
   149.31722239999999       0.80036986783790220     
   150.99494400000000       0.80036986783790220     
   152.67266559999999       0.80036986783790220     
   154.35038720000000       0.80036986783790220     
   156.02810879999998       0.80036986783790220     
   157.70583040000000       0.80036986783790220     
   159.38355199999998       0.80036986783790220     
   161.06127359999999       0.80036986783790220     
   162.73899520000001       0.80036986783790220     
   164.41671679999999       0.80036986783790220     
   166.09443840000000       0.80036986783790220     
   167.77215999999999       0.80036986783790220     
   171.12760319999998       0.80036986783790232     
   174.48304639999998       0.80036986783790243     
   177.83848960000000       0.80036986783790232     
   181.19393280000000       0.80036986783790243     
   184.54937600000000       0.80036986783790232     
   187.90481919999999       0.80036986783790243     
   191.26026239999999       0.80036986783790232     
   194.61570559999998       0.80036986783790243     
   197.97114879999998       0.80036986783790232     
   201.32659200000001       0.80036986783790243     
   204.68203520000000       0.80036986783790232     
   208.03747840000000       0.80036986783790243     
   211.39292159999999       0.80036986783790232     
   214.74836479999999       0.80036986783790243     
   218.10380799999999       0.80036986783790232     
   221.45925119999998       0.80036986783790243     
   224.81469439999998       0.80036986783790232     
   228.17013759999998       0.80036986783790243     
   231.52558080000000       0.80036986783790232     
   234.88102400000000       0.80036986783790243     
   238.23646719999999       0.80036986783790232     
   241.59191039999999       0.80036986783790243     
   244.94735359999999       0.80036986783790232     
   248.30279679999998       0.80036986783790243     
   251.65823999999998       0.80036986783790232     
   255.01368320000000       0.80036986783790243     
   258.36912639999997       0.80036986783790232     
   261.72456960000000       0.80036986783790243     
   265.08001279999996       0.80036986783790232     
   268.43545599999999       0.80036986783790243     
   271.79089920000001       0.80036986783790232     
   275.14634239999998       0.80036986783790243     
   278.50178560000001       0.80036986783790232     
   281.85722879999997       0.80036986783790243     
   285.21267200000000       0.80036986783790232     
   288.56811519999997       0.80036986783790243     
   291.92355839999999       0.80036986783790232     
   295.27900160000002       0.80036986783790243     
   298.63444479999998       0.80036986783790232     
   301.98988800000001       0.80036986783790243     
   305.34533119999998       0.80036986783790232     
   308.70077440000000       0.80036986783790243     
   312.05621759999997       0.80036986783790232     
   315.41166079999999       0.80036986783790243     
   318.76710399999996       0.80036986783790232     
   322.12254719999999       0.80036986783790243     
   325.47799040000001       0.80036986783790232     
   328.83343359999998       0.80036986783790243     
   332.18887680000000       0.80036986783790232     
   335.54431999999997       0.80036986783790243     
   342.25520639999996       0.80036986783790232     
   348.96609279999996       0.80036986783790232     
   355.67697920000001       0.80036986783790232     
   362.38786560000000       0.80036986783790232     
   369.09875199999999       0.80036986783790232     
   375.80963839999998       0.80036986783790232     
   382.52052479999998       0.80036986783790232     
   389.23141119999997       0.80036986783790232     
   395.94229759999996       0.80036986783790232     
   402.65318400000001       0.80036986783790232     
   409.36407040000000       0.80036986783790232     
   416.07495680000000       0.80036986783790232     
   422.78584319999999       0.80036986783790232     
   429.49672959999998       0.80036986783790232     
   436.20761599999997       0.80036986783790232     
   442.91850239999997       0.80036986783790232     
   449.62938879999996       0.80036986783790232     
   456.34027519999995       0.80036986783790232     
   463.05116160000000       0.80036986783790232     
   469.76204799999999       0.80036986783790232     
   476.47293439999999       0.80036986783790232     
   483.18382079999998       0.80036986783790232     
   489.89470719999997       0.80036986783790232     
   496.60559359999996       0.80036986783790232     
   503.31647999999996       0.80036986783790232     
   510.02736640000001       0.80036986783790232     
   516.73825279999994       0.80036986783790232     
   523.44913919999999       0.80036986783790232     
   530.16002559999993       0.80036986783790232     
   536.87091199999998       0.80036986783790232     
   543.58179840000003       0.80036986783790232     
   550.29268479999996       0.80036986783790232     
   557.00357120000001       0.80036986783790232     
   563.71445759999995       0.80036986783790232     
   570.42534400000000       0.80036986783790232     
   577.13623039999993       0.80036986783790232     
   583.84711679999998       0.80036986783790232     
   590.55800320000003       0.80036986783790232     
   597.26888959999997       0.80036986783790232     
   603.97977600000002       0.80036986783790232     
   610.69066239999995       0.80036986783790232     
   617.40154880000000       0.80036986783790232     
   624.11243519999994       0.80036986783790232     
   630.82332159999999       0.80036986783790232     
   637.53420799999992       0.80036986783790232     
   644.24509439999997       0.80036986783790232     
   650.95598080000002       0.80036986783790232     
   657.66686719999996       0.80036986783790232     
   664.37775360000001       0.80036986783790232     
   671.08863999999994       0.80036986783790232     
   684.51041279999993       0.80036986783790220     
   697.93218559999991       0.80036986783790220     
   711.35395840000001       0.80036986783790220     
   724.77573120000000       0.80036986783790220     
   738.19750399999998       0.80036986783790220     
   751.61927679999997       0.80036986783790220     
   765.04104959999995       0.80036986783790220     
   778.46282239999994       0.80036986783790220     
   791.88459519999992       0.80036986783790220     
   805.30636800000002       0.80036986783790220     
   818.72814080000001       0.80036986783790220     
   832.14991359999999       0.80036986783790220     
   845.57168639999998       0.80036986783790220     
   858.99345919999996       0.80036986783790220     
   872.41523199999995       0.80036986783790220     
   885.83700479999993       0.80036986783790220     
   899.25877759999992       0.80036986783790220     
   912.68055039999990       0.80036986783790220     
   926.10232320000000       0.80036986783790220     
   939.52409599999999       0.80036986783790220     
   952.94586879999997       0.80036986783790220     
   966.36764159999996       0.80036986783790220     
   979.78941439999994       0.80036986783790220     
   993.21118719999993       0.80036986783790220     
   1006.6329599999999       0.80036986783790220     
   1020.0547328000000       0.80036986783790220     
   1033.4765055999999       0.80036986783790220     
   1046.8982784000000       0.80036986783790220     
   1060.3200511999999       0.80036986783790220     
   1073.7418240000000       0.80036986783790220     
   1087.1635968000001       0.80036986783790220     
   1100.5853695999999       0.80036986783790220     
   1114.0071424000000       0.80036986783790220     
   1127.4289151999999       0.80036986783790220     
   1140.8506880000000       0.80036986783790220     
   1154.2724607999999       0.80036986783790220     
   1167.6942336000000       0.80036986783790220     
   1181.1160064000001       0.80036986783790220     
   1194.5377791999999       0.80036986783790220     
   1207.9595520000000       0.80036986783790220     
   1221.3813247999999       0.80036986783790220     
   1234.8030976000000       0.80036986783790220     
   1248.2248703999999       0.80036986783790220     
   1261.6466432000000       0.80036986783790220     
   1275.0684159999998       0.80036986783790220     
   1288.4901887999999       0.80036986783790220     
   1301.9119616000000       0.80036986783790220     
   1315.3337343999999       0.80036986783790220     
   1328.7555072000000       0.80036986783790220     
   1342.1772799999999       0.80036986783790220     
   1369.0208255999999       0.80036986783790209     
   1395.8643711999998       0.80036986783790209     
   1422.7079168000000       0.80036986783790209     
   1449.5514624000000       0.80036986783790209     
   1476.3950080000000       0.80036986783790209     
   1503.2385535999999       0.80036986783790209     
   1530.0820991999999       0.80036986783790209     
   1556.9256447999999       0.80036986783790209     
   1583.7691903999998       0.80036986783790209     
   1610.6127360000000       0.80036986783790209     
   1637.4562816000000       0.80036986783790209     
   1664.2998272000000       0.80036986783790209     
   1691.1433728000000       0.80036986783790209     
   1717.9869183999999       0.80036986783790209     
   1744.8304639999999       0.80036986783790209     
   1771.6740095999999       0.80036986783790209     
   1798.5175551999998       0.80036986783790209     
   1825.3611007999998       0.80036986783790209     
   1852.2046464000000       0.80036986783790209     
   1879.0481920000000       0.80036986783790209     
   1905.8917375999999       0.80036986783790209     
   1932.7352831999999       0.80036986783790209     
   1959.5788287999999       0.80036986783790209     
   1986.4223743999999       0.80036986783790209     
   2013.2659199999998       0.80036986783790209     
   2040.1094656000000       0.80036986783790209     
   2066.9530111999998       0.80036986783790209     
   2093.7965568000000       0.80036986783790209     
   2120.6401023999997       0.80036986783790209     
   2147.4836479999999       0.80036986783790209     
   2174.3271936000001       0.80036986783790209     
   2201.1707391999998       0.80036986783790209     
   2228.0142848000000       0.80036986783790209     
   2254.8578303999998       0.80036986783790209     
   2281.7013760000000       0.80036986783790209     
   2308.5449215999997       0.80036986783790209     
   2335.3884671999999       0.80036986783790209     
   2362.2320128000001       0.80036986783790209     
   2389.0755583999999       0.80036986783790209     
   2415.9191040000001       0.80036986783790209     
   2442.7626495999998       0.80036986783790209     
   2469.6061952000000       0.80036986783790209     
   2496.4497407999997       0.80036986783790209     
   2523.2932863999999       0.80036986783790209     
   2550.1368319999997       0.80036986783790209     
   2576.9803775999999       0.80036986783790209     
   2603.8239232000001       0.80036986783790209     
   2630.6674687999998       0.80036986783790209     
   2657.5110144000000       0.80036986783790209     
   2684.3545599999998       0.80036986783790209     
   2738.0416511999997       0.80036986783790232     
   2791.7287423999996       0.80036986783790209     
   2845.4158336000000       0.80036986783790232     
   2899.1029248000000       0.80036986783790209     
   2952.7900159999999       0.80036986783790232     
   3006.4771071999999       0.80036986783790209     
   3060.1641983999998       0.80036986783790232     
   3113.8512895999997       0.80036986783790209     
   3167.5383807999997       0.80036986783790232     
   3221.2254720000001       0.80036986783790209     
   3274.9125632000000       0.80036986783790232     
   3328.5996544000000       0.80036986783790209     
   3382.2867455999999       0.80036986783790232     
   3435.9738367999998       0.80036986783790209     
   3489.6609279999998       0.80036986783790232     
   3543.3480191999997       0.80036986783790209     
   3597.0351103999997       0.80036986783790232     
   3650.7222015999996       0.80036986783790209     
   3704.4092928000000       0.80036986783790232     
   3758.0963839999999       0.80036986783790209     
   3811.7834751999999       0.80036986783790232     
   3865.4705663999998       0.80036986783790209     
   3919.1576575999998       0.80036986783790232     
   3972.8447487999997       0.80036986783790209     
   4026.5318399999996       0.80036986783790232     
   4080.2189312000000       0.80036986783790209     
   4133.9060223999995       0.80036986783790232     
   4187.5931135999999       0.80036986783790209     
   4241.2802047999994       0.80036986783790232     
   4294.9672959999998       0.80036986783790209     
   4348.6543872000002       0.80036986783790232     
   4402.3414783999997       0.80036986783790209     
   4456.0285696000001       0.80036986783790232     
   4509.7156607999996       0.80036986783790209     
   4563.4027520000000       0.80036986783790232     
   4617.0898431999995       0.80036986783790209     
   4670.7769343999998       0.80036986783790232     
   4724.4640256000002       0.80036986783790209     
   4778.1511167999997       0.80036986783790232     
   4831.8382080000001       0.80036986783790209     
   4885.5252991999996       0.80036986783790232     
   4939.2123904000000       0.80036986783790209     
   4992.8994815999995       0.80036986783790232     
   5046.5865727999999       0.80036986783790209     
   5100.2736639999994       0.80036986783790232     
   5153.9607551999998       0.80036986783790209     
   5207.6478464000002       0.80036986783790232     
   5261.3349375999996       0.80036986783790209     
   5315.0220288000000       0.80036986783790232     
   5368.7091199999995       0.80036986783790209     
   5476.0833023999994       0.80036986783790232     
   5583.4574847999993       0.80036986783790209     
   5690.8316672000001       0.80036986783790209     
   5798.2058496000000       0.80036986783790209     
   5905.5800319999998       0.80036986783790209     
   6012.9542143999997       0.80036986783790209     
   6120.3283967999996       0.80036986783790209     
   6227.7025791999995       0.80036986783790209     
   6335.0767615999994       0.80036986783790209     
   6442.4509440000002       0.80036986783790209     
   6549.8251264000000       0.80036986783790209     
   6657.1993087999999       0.80036986783790209     
   6764.5734911999998       0.80036986783790209     
   6871.9476735999997       0.80036986783790209     
   6979.3218559999996       0.80036986783790209     
   7086.6960383999995       0.80036986783790209     
   7194.0702207999993       0.80036986783790209     
   7301.4444031999992       0.80036986783790209     
   7408.8185856000000       0.80036986783790209     
   7516.1927679999999       0.80036986783790209     
   7623.5669503999998       0.80036986783790209     
   7730.9411327999997       0.80036986783790209     
   7838.3153151999995       0.80036986783790209     
   7945.6894975999994       0.80036986783790209     
   8053.0636799999993       0.80036986783790209     
   8160.4378624000001       0.80036986783790209     
   8267.8120447999991       0.80036986783790209     
   8375.1862271999998       0.80036986783790209     
   8482.5604095999988       0.80036986783790209     
   8589.9345919999996       0.80036986783790209     
   8697.3087744000004       0.80036986783790209     
   8804.6829567999994       0.80036986783790209     
   8912.0571392000002       0.80036986783790209     
   9019.4313215999991       0.80036986783790209     
   9126.8055039999999       0.80036986783790209     
   9234.1796863999989       0.80036986783790209     
   9341.5538687999997       0.80036986783790209     
   9448.9280512000005       0.80036986783790209     
   9556.3022335999995       0.80036986783790209     
   9663.6764160000002       0.80036986783790209     
   9771.0505983999992       0.80036986783790209     
   9878.4247808000000       0.80036986783790209     
   9985.7989631999990       0.80036986783790209     
   10093.173145600000       0.80036986783790209     
   10200.547327999999       0.80036986783790209     
   10307.921510400000       0.80036986783790209     
   10415.295692800000       0.80036986783790209     
   10522.669875199999       0.80036986783790209     
   10630.044057600000       0.80036986783790209     
   10737.418239999999       0.80036986783790209     
